# EV_1 (92.9848)	EV_2 (16.6834)	EV_3 (10.1543)
nan	nan	nan
nan	nan	nan
nan	nan	nan
nan	nan	nan
nan	nan	nan
nan	nan	nan
nan	nan	nan
nan	nan	nan
nan	nan	nan
nan	nan	nan
nan	nan	nan
nan	nan	nan
nan	nan	nan
nan	nan	nan
nan	nan	nan
nan	nan	nan
nan	nan	nan
nan	nan	nan
nan	nan	nan
nan	nan	nan
nan	nan	nan
nan	nan	nan
nan	nan	nan
nan	nan	nan
nan	nan	nan
nan	nan	nan
nan	nan	nan
nan	nan	nan
nan	nan	nan
nan	nan	nan
nan	nan	nan
nan	nan	nan
nan	nan	nan
nan	nan	nan
nan	nan	nan
nan	nan	nan
nan	nan	nan
nan	nan	nan
nan	nan	nan
nan	nan	nan
nan	nan	nan
nan	nan	nan
nan	nan	nan
nan	nan	nan
nan	nan	nan
nan	nan	nan
nan	nan	nan
nan	nan	nan
nan	nan	nan
nan	nan	nan
nan	nan	nan
nan	nan	nan
nan	nan	nan
nan	nan	nan
nan	nan	nan
nan	nan	nan
nan	nan	nan
nan	nan	nan
nan	nan	nan
nan	nan	nan
nan	nan	nan
nan	nan	nan
nan	nan	nan
nan	nan	nan
nan	nan	nan
nan	nan	nan
nan	nan	nan
nan	nan	nan
nan	nan	nan
nan	nan	nan
nan	nan	nan
nan	nan	nan
nan	nan	nan
nan	nan	nan
nan	nan	nan
nan	nan	nan
nan	nan	nan
nan	nan	nan
nan	nan	nan
nan	nan	nan
nan	nan	nan
nan	nan	nan
nan	nan	nan
nan	nan	nan
nan	nan	nan
nan	nan	nan
nan	nan	nan
nan	nan	nan
nan	nan	nan
nan	nan	nan
nan	nan	nan
nan	nan	nan
nan	nan	nan
nan	nan	nan
nan	nan	nan
nan	nan	nan
nan	nan	nan
nan	nan	nan
nan	nan	nan
nan	nan	nan
nan	nan	nan
nan	nan	nan
nan	nan	nan
nan	nan	nan
nan	nan	nan
nan	nan	nan
nan	nan	nan
nan	nan	nan
nan	nan	nan
nan	nan	nan
nan	nan	nan
nan	nan	nan
nan	nan	nan
nan	nan	nan
nan	nan	nan
nan	nan	nan
nan	nan	nan
nan	nan	nan
nan	nan	nan
nan	nan	nan
nan	nan	nan
nan	nan	nan
nan	nan	nan
nan	nan	nan
nan	nan	nan
nan	nan	nan
nan	nan	nan
nan	nan	nan
nan	nan	nan
nan	nan	nan
nan	nan	nan
nan	nan	nan
nan	nan	nan
nan	nan	nan
nan	nan	nan
nan	nan	nan
nan	nan	nan
nan	nan	nan
nan	nan	nan
nan	nan	nan
nan	nan	nan
nan	nan	nan
nan	nan	nan
nan	nan	nan
nan	nan	nan
nan	nan	nan
nan	nan	nan
nan	nan	nan
nan	nan	nan
nan	nan	nan
nan	nan	nan
nan	nan	nan
nan	nan	nan
nan	nan	nan
nan	nan	nan
nan	nan	nan
nan	nan	nan
nan	nan	nan
nan	nan	nan
nan	nan	nan
nan	nan	nan
nan	nan	nan
nan	nan	nan
nan	nan	nan
nan	nan	nan
nan	nan	nan
nan	nan	nan
nan	nan	nan
nan	nan	nan
nan	nan	nan
nan	nan	nan
nan	nan	nan
nan	nan	nan
nan	nan	nan
nan	nan	nan
nan	nan	nan
nan	nan	nan
nan	nan	nan
nan	nan	nan
nan	nan	nan
nan	nan	nan
nan	nan	nan
nan	nan	nan
nan	nan	nan
nan	nan	nan
nan	nan	nan
nan	nan	nan
nan	nan	nan
nan	nan	nan
nan	nan	nan
-0.03414831747799851	0.007847748101423045	0.028171787747821114
-0.038919315203072895	0.0135449139806119	0.020570955807730343
nan	nan	nan
nan	nan	nan
-0.0417730724990409	0.014388356915981181	0.0191130877121626
nan	nan	nan
nan	nan	nan
nan	nan	nan
-0.044185395300053054	0.014131612295775985	0.02179077772175953
nan	nan	nan
nan	nan	nan
-0.04703225199895007	0.021153592849196986	0.01861201202632641
-0.05416367964288804	0.02533304510860672	0.02196570034468323
-0.058344318388461894	0.02451741427223353	0.02564962828734036
-0.05423384386987939	0.02393826840081176	0.02791834156315571
-0.04703801292248092	0.0174738761056393	0.02056608837026566
-0.035855459627598105	0.001089997505911578	0.005139808467909623
-0.012137792755073123	-0.02079780689061681	-0.0018828799157169507
0.005918326073521479	-0.01624359339468123	-0.009831315255437465
0.0070493185809352545	-0.0200015765287368	-0.005437767767973204
0.0062978906280788055	-0.019879465648964166	0.007006053084243982
0.003023204554710471	-0.020294767719573472	0.0065170484485389665
0.005048868968726543	-0.017376531974800703	0.005505569986984087
0.004426999082081235	-0.020240843546296742	-0.001068604697624655
0.007700635516446704	-0.021953120574071453	0.0017886368580006312
0.012247493230277164	-0.012188665346931143	0.005776636320935809
0.015162303175058456	-0.0047665807752107405	0.013520108292267647
0.016557236286776928	0.009026822714939903	0.012977160027384565
0.017519190927175295	0.007687296866259338	0.023434207546255803
0.014384417652051663	0.00045179109099628467	-0.0025165210961280923
0.005930729350795494	-0.016996877937646867	-0.011977465661027118
0.0012328845761622	-0.036430337775663214	-0.021831261767525357
-0.001090006548723865	-0.04621475697758852	-0.0266995580958269
-0.00033133188357730857	-0.0462498606189153	-0.02266442546412506
-0.001014210431123882	-0.04404700538930939	-0.015681800344880457
-0.0016832965248065896	-0.04839030711466818	-0.01910471700098529
-0.001493319802613416	-0.04736361404233389	-0.02518529203417564
0.002004046213106151	-0.03938092548594592	-0.028787190486539938
0.008198189737195627	-0.03221488517375112	-0.010256574014062998
0.012856175728768302	-0.021111488552565102	-0.0025993220483992354
0.01574419956390634	-0.007231894720340214	0.0012293260554464506
0.015776341696896186	0.004270890384947544	0.000980939457968991
0.01715127012476494	0.012624184695220099	0.0015314753980277106
0.019754197657076724	0.02452499984640309	0.01267912731591244
0.02115627928175793	0.02978572036430548	0.017955052408678906
0.02016837881842526	0.02282239707571398	0.02194469663638642
0.019992369958844187	0.01197518875508761	0.02776172981182999
0.01809730359917772	0.005803285042490381	0.030082162675874026
0.019560228760900012	-0.0013040261921385642	0.04362335879756736
0.018153304671264078	-0.0021254677405790887	0.024148953876627834
0.017533597081417263	-0.010880403383078415	0.014470098808909985
0.013070214179191134	-0.021305557794840196	-0.0027870535728103003
0.011148937356249545	-0.033356274086980914	-0.0011154569761100096
0.012861021475350391	-0.027164706731022503	0.008992696631193387
0.0165299867217418	-0.012530216333511321	0.020338374309209224
0.01987267505229938	0.004282483152135179	0.03514238757891301
0.02026439843818799	0.012100898044229879	0.03578384918863435
0.017039936889689498	-0.002384323328705718	0.009362550961822182
0.011454396381850501	-0.012936150598680272	0.003918947514219429
-0.005451218217343806	-0.027629753841289025	0.01855831599267169
-0.03957721291379823	-0.026608684915200242	0.020793815695287397
-0.04685503014392935	-0.010610150826287933	0.028975333108600634
-0.050054685262918966	-0.0006036324156883745	0.03676625651897566
-0.05354762779344004	0.00033390176665639917	0.04415840529039226
-0.051724716966502694	-0.003981549234356852	0.040148936463952456
-0.0495725529170747	-0.0010301188887172138	0.04163074192082043
-0.04752276671674625	0.006067702114384334	0.03398031039304857
-0.05353812139402522	0.013015564693496318	0.034902584977814996
-0.055340963768979394	0.01248743020938543	0.03136523919027576
-0.05228401932093492	0.009398800166256941	0.026731926536553374
-0.052869586668133524	0.008890551462842178	0.025790889005006597
-0.053791812000696396	0.011362338987208996	0.029054153371708885
-0.057878527985386036	0.00899843781933002	0.037805925647717
-0.05283367619927132	0.00953704452991275	0.037855294467284334
-0.052727579287477594	0.009781435778214513	0.03195824526808589
-0.04981749222936456	0.017705932504173436	0.01847101531643315
-0.0527832173914552	0.015231348252499615	0.016935267586503426
-0.0536977466438243	0.018998438869284817	0.016730641725158958
-0.05383799637663357	0.02258622669979861	0.014385642485723278
-0.05371044814734552	0.030862149850669547	0.008445021180845086
-0.05070002569793003	0.026310139486744766	0.010302776897809625
-0.05474523414124071	0.018678577626288346	0.017834062098514333
-0.05523945544945715	0.016896188409075277	0.01985159561413618
-0.05614478428238638	0.020066953009067086	0.017417152255149913
-0.05427662102054951	0.02465966907371722	0.015385024455343496
-0.05466210758158926	0.029232632440939436	0.011126509077480001
-0.05591534019186342	0.026257086612058333	0.017371846758663705
-0.05949303373766253	0.029732223094825736	0.015876452167930495
-0.05767992204641374	0.026324724578189677	0.018914241643180348
-0.0573636152429366	0.029216785677028234	0.01787047929550472
-0.05170220061027718	0.0172319808150763	0.024057095261948096
-0.05061681018718522	0.016864941042986584	0.01860897176746748
-0.04654668531977444	0.015033002440722898	0.01696446614619749
-0.04869908818799923	0.02163763815627259	0.025033175324702873
-0.04808083549515495	0.0187457906942402	0.03379732584286836
-0.050391209164999	0.015346456074799134	0.03202760237595547
-0.05062779617670037	0.015252959428002042	0.02240167657385332
-0.05301569060537336	0.020894783371326234	0.011729217736102082
-0.0572686834121296	0.02650863734931733	0.011220919010927324
-0.05759106694002689	0.03339344461047789	0.00957249581814034
-0.053177285694735225	0.03481250760236868	0.013508545220697096
-0.05045264936543415	0.028971807995710995	0.013707934811992756
-0.05462304824280227	0.021325487554186083	0.013918094994448148
-0.0599161227074366	0.013628024538952049	0.020985458605081997
-0.05798042322075385	0.018042735461599547	0.0178860298651026
-0.05525636510386016	0.01791687634135635	0.017092824759441884
-0.054859893113394	0.02658710462048543	0.01136528756965239
-0.05441785330470842	0.01484960613676431	0.022924666063962394
-0.05056230394820851	0.006382886044102662	0.02914794256342562
-0.04791573602999394	-0.009632225602959586	0.03840865286952658
-0.05041355315225536	-0.004673478943114909	0.027188425216892964
-0.04903625754930215	-0.00923018599160979	0.02630019326905246
-0.0527629299408053	0.0015171762483681655	0.012215212144843217
-0.05043355604808954	-0.001817869657391933	0.022835899102949794
-0.056351592254155855	0.01129609313631133	0.01119464856655647
-0.0550777484285449	0.009936281144968778	0.017879756787313704
-0.05385820116982696	0.003539850465227618	0.011025564393706208
-0.043275376550633904	-0.005286844466688109	0.008345006077699675
-0.02801833412323853	-0.0215933811512572	-0.010735113904326288
-0.01608464659069358	-0.020267472028609356	0.010178101993895575
-0.0025136424850703562	-0.02302843033271626	-0.028922474859424212
0.0017395772584672402	-0.029154525565739612	-0.020416083500592867
0.003016416723080239	-0.026707201264825987	-0.010767338370123128
0.01771970864632002	-0.008816448071638661	-0.0002700469563516536
0.02241042684266896	0.012987710205262883	0.02997237779070823
0.021951225878004355	0.02660298022358585	0.03013550504449726
0.01985769968053602	0.024404569063558406	0.02201117749245732
0.01845879042851674	0.022255670739004807	0.018439120126531303
0.015440076474507073	-0.0006064801989469103	0.010998187884634494
0.009354148259900073	-0.023424320467516354	0.017539035189416553
0.0017685330059890628	-0.03216582834385302	-0.0009135678264687464
0.0003465719620983578	-0.02707614632655562	-0.023538866535757347
5.558477323326327e-05	-0.0339279819162537	-0.02135544872027919
0.005829242262546412	-0.029706552571157886	-0.014574740974850061
0.00927226025462071	-0.019573965089754217	0.0019397945536969606
0.01157701057978969	-0.010505139612344318	-0.010037688565724939
0.009807860411754587	-0.015035927207831264	-0.009610044755108979
0.00652281215624168	-0.027474119750975228	-0.01779550850277569
0.0005953663926944486	-0.037281320336146	-0.026377226316989428
-0.004348452393656329	-0.033993676314709266	-0.027396214496745425
-0.013513056348479368	-0.034333308180237734	-0.03547216886346403
-0.03510603381064814	-0.023321412452528386	-0.005257076393916007
-0.04202807003234034	-0.023308177633515666	0.012915223227469588
-0.041854020536808076	-0.02679135579096991	0.024196013039008916
-0.04499554959622589	-0.024845407734050706	0.027318428364078363
-0.045878043884350364	-0.013852918398728138	0.015585439617151892
-0.04521113792095391	-0.012854459470697788	0.01306859116340918
-0.042714433245901046	-0.005822897082643318	0.009720597515845093
-0.040127871934155075	-0.0024753343955673498	0.005403405637919995
-0.036941893058079704	-0.009996057012963957	-0.0023331497876224877
-0.03376958631803663	-0.019926111232626716	-0.00906248804342585
-0.029750478766056736	-0.041027975430401514	-0.01705424446546598
-0.020588371260108658	-0.0495158022745974	-0.01818591313455373
0.000929275438523921	-0.04719663642258765	-0.03287189103059802
0.007593442332971799	-0.035444553818378556	-0.020281300870902748
0.0065907232818549575	-0.040963536757898454	-0.023630266541970417
-0.0008206859962848749	-0.04576136374086863	-0.005171057193134424
-0.0020733547172312843	-0.04721889639502532	-0.007210431934047211
0.0047561632530364545	-0.027864095241703444	-0.009023571045518392
0.015084344282280495	-0.0014302523879486148	0.002587699421827426
0.020454749320605897	0.0147568419199388	0.013694054761187749
0.02331088993618429	0.024954866370626713	0.026254842910379383
0.025464428354774974	0.023376844685861577	0.017458040351108012
0.02297244023789139	0.019034007393505654	0.01844203333612931
0.024118312430282677	0.022264075917579618	0.019630311995064514
0.024206045722436703	0.024122673449309576	0.022447517616605787
0.02444011984348215	0.023985702413726256	0.029756159549351333
0.020877127170639834	0.019730540469077497	0.024065522655830996
0.015814428134645737	0.008325512028688267	0.024405808058417494
0.012041602983404197	0.0023549460904379507	0.018635550267541552
0.012320368240976725	-0.00630696264462542	0.013871692052336203
0.017253609465212785	-0.003052854776607883	0.013617114127995938
0.018182964679724082	0.0012879655609281848	0.015484030857698502
0.01860761372149482	-0.003942061671308593	0.009663797881234977
0.01354857366505133	-0.023880961645770846	-0.00980478606079353
0.006575156108321594	-0.040593293568412965	-0.02177232536648421
0.0050976004394075874	-0.04709177120755	-0.024747658409754396
0.006466812423820144	-0.048480134013515565	-0.027733494666214175
0.011293615273074396	-0.05636945940907143	-0.016335586566660655
0.00982203676161996	-0.05534043886415705	-0.01272368340049663
0.010492868205600301	-0.04722355577873081	-0.007892035492351884
0.009585653184184615	-0.04403220653681981	-0.013929136018963015
0.008151582419711834	-0.04937977669288475	-0.01826240249508846
0.009667582453990697	-0.04315252813396213	-0.011244414528718225
0.01003020602479274	-0.03300489309302687	-0.00198138822336796
0.012783990508181103	-0.029791408260501775	0.004179902395710051
0.007306273020890564	-0.035512503465340184	-0.005184430224399892
0.0013505439507100181	-0.03657382060250266	-0.018434535120599203
-0.0015778201684412245	-0.029977215029573925	-0.018607966801410705
-0.0014214539480748175	-0.03060809349010177	-0.020959788179695557
-0.004307529063411266	-0.03883549603105258	-0.014677128864040944
-0.010816991109354192	-0.04702463569880917	0.0013210343270396961
-0.015670581447135776	-0.052799668078937184	0.0022912505352870836
-0.022775333412416485	-0.042762061216094646	0.016925801166974452
-0.03837668123342807	-0.021154102747595833	0.013443416986357808
-0.048985599239689065	-0.0020131160493950264	0.010095547222441638
-0.05402462496098913	0.0013599942066303073	0.014277521421924115
-0.054921963676126	-0.0016271589825224814	0.015122134730936175
-0.052401252379997536	6.494405225754659e-05	0.01387653818059787
-0.05016059917050362	0.0005803541031582737	0.0075071244388620825
-0.04460889611084248	-0.0021375974268984022	-0.010499765923465264
-0.0370481600065083	-0.01846946716206809	-0.01952319229619393
-0.02572282445211813	-0.035750463184427365	-0.020140314793787924
-0.015122124645504713	-0.04949259372805066	-0.02964303372282774
-0.006243557713577433	-0.04287945456986823	-0.029818145692236977
0.006649716305961	-0.012444165403902446	-0.03048731848403848
0.015083487403544578	0.0031392993589892957	-0.01336823917804057
0.015378589366699957	0.0030025594783096763	-0.005313119643674688
0.004168569989608112	0.00136681924990867	-0.007730542337213362
-0.02461567090750432	0.019781610759762144	-0.03923075408267434
-0.040027933665928224	0.023066359690600464	-0.0224291669634298
-0.04503612071349679	0.018735952065292324	-0.005080765895733426
-0.04765511145941893	0.01492245152554436	0.0002792767774036503
-0.05027827695972629	0.01586879896255696	0.003322980346213214
-0.0534517114296179	0.020212083851804095	0.00013494992435328368
-0.05339268007958502	0.026703632915060546	0.004178974111685503
-0.053398143186503134	0.02421991888818072	0.0036761745204250892
-0.05139000634203747	0.03008297072378064	-0.0008551055983758438
-0.05047987292435133	0.030178918099467808	-0.001287641277357976
-0.04762376882828959	0.026391180200787193	0.001396862736446812
-0.046902175682412554	0.02043366668363838	0.0028246886455208717
-0.046091344866760434	0.012052760132515475	0.013551123669864468
-0.044819399361080356	0.020073887952588895	0.010845800582753508
-0.04487928629968751	0.023413112209446457	0.011764806736019533
-0.047240705469027096	0.02666900443105344	-0.0007201573568816969
-0.04367843609254748	0.02568167031036986	0.003050763556733581
-0.04569586333284562	0.026511971891133322	-0.0073228944438342505
-0.0443311408223169	0.02235715118570968	0.008310697423243862
-0.04769353429775827	0.01628296630104363	0.005834998834637298
-0.04962402861444773	0.018041345276596673	0.011607907392295308
-0.04852402620887872	0.018230579470040763	0.007479150747898802
-0.05186542591718987	0.032249309215822974	0.008585379788223178
-0.049963977666707404	0.03624030143796702	0.00625601225052775
-0.04981280469941539	0.04180035733211041	-0.0034822885387718674
-0.048101908375313786	0.04250612425097749	-0.007956688837644145
-0.046030018184692725	0.03363998474567423	-0.00025396720113687876
-0.045200493443640785	0.02916567958582206	0.009339952627155021
-0.041713344286738306	0.02507043251542487	0.006218019635781183
-0.04321934939545831	0.029712106669198372	0.0038946704647983
-0.04639170526391018	0.03157833035723767	0.01025072712404345
-0.04968038333393996	0.028176472429897976	0.02278612332442713
-0.046195259170078884	0.02660662201454239	0.017035375332358507
-0.046977634973665014	0.02946973426095876	0.013995129724475072
-0.0479760467295474	0.030565506336395994	0.006444216973256832
-0.05242948383925736	0.03391515870582081	0.0147661209585132
-0.051203365259573634	0.03124740080112063	0.006641378948166507
-0.05361389990127248	0.03784077161977063	0.000873184987785075
-0.05196331716653397	0.03866687517772588	0.0005332620234056382
-0.04994191516630905	0.03923103958103013	0.0058561261726026645
-0.0434048122677515	0.03772321352152934	0.005443085704152681
-0.04238788206779334	0.031602011312602936	0.005139762643852366
-0.04298938766636031	0.02928424864316619	0.007601099147084837
-0.04781774343100305	0.030132573706498914	0.007320673724641125
-0.04807815710832261	0.032449060132681395	0.004305939138071556
-0.049332674718915226	0.02922327904268891	0.0016094206725683902
-0.049070530855118207	0.026134941548723672	-0.0027083680953337366
-0.050714552427695805	0.027515055172247622	-0.005273336535941316
-0.05064135122106568	0.02322698170644908	-0.005104557186723424
-0.050196522180590175	0.010432784118288647	0.01204381177036254
-0.05095878162583058	0.005253263029235786	0.023877745371645144
-0.05061840644138662	0.010494500542626637	0.02267474346819865
-0.04820833810676993	0.028814592774160756	-0.0011940596923522492
-0.040068400147315976	0.027359781877734964	-0.021874394429719717
-0.02263228210982133	0.004353076261323666	-0.034440786478283254
-0.0013457605814403382	-0.02056682043702401	-0.02376905519557485
0.013082562056036652	-0.025193734676352674	-0.007824484880177751
0.011994610806625252	-0.02317346258889273	-0.010801967729727364
-0.019123298148815342	-0.021886923612837166	-0.03324520503679884
-0.03843118631453107	-0.013495923965425129	-0.021290109289784486
-0.046011715941747404	-0.0038870634828980857	-0.009622859377340448
-0.048862875935421615	0.01377913437495488	-0.007266520253448511
-0.04534831886157634	0.00802246010308387	-0.00728061439586012
-0.04550045282677479	0.006285011202953486	0.004778515790186781
-0.04659889071290257	0.0002642005236058949	0.0035886303905725697
-0.049354513989224955	0.009869756028926337	0.0029572225626491935
-0.0520566961375438	0.017005546418784226	-0.006134523127130712
-0.05297377784471979	0.015706728249447573	-0.0031458946249904654
-0.052215933329992095	0.017538191113484345	-0.0034779729884079277
-0.04851511128465334	0.016128688966094616	-0.0022103764039214657
-0.04624527548131318	0.0186364320008013	0.0016984651448722979
-0.047797645932199186	0.014874777909484566	7.789408213097065e-05
-0.051242182412266864	0.017851632640222333	-0.0031210580929863924
-0.05043031473823666	0.022841117178829886	-0.005969216762409996
-0.04938094813183223	0.028870671220071576	-0.00981111009867347
-0.04563080525495273	0.025397343393793115	-0.009174789825992069
-0.04761250865458241	0.014898288874445617	-0.005051749020274207
-0.05031831634051884	0.012915163410918747	0.001038289024162753
-0.053624751875399716	0.011844379060718358	0.0024884162676454824
-0.05267830641031032	0.01094313222470676	0.00036450135559944197
-0.04982665248389452	-0.001123994004697133	0.0032667904180495935
-0.04766937893416247	-0.0005828073493104122	0.0011053121722825812
-0.045211512587010054	0.003445233634215435	0.0025714249588097912
-0.043910367335777065	0.010499559672302225	0.009570717514102482
-0.046012539220730016	0.014891410891329606	0.006014937044356225
-0.049848061200267475	0.0165104052266678	-0.003266013815752783
-0.05292478687024105	0.015438109631967806	-0.009743967451550796
-0.05398520019568131	0.01652734408994847	-0.007194121492543663
-0.05272492057688013	0.012677931301442626	-0.007413986971803337
-0.04920999524596582	0.015286268949802857	-0.012192841758616409
-0.04772646723544142	0.008598181780861051	-0.010958771625960442
-0.05046989766439473	0.012669243902306416	-0.011530679891084326
-0.051196448230070905	0.011985176907795929	-0.006986041502388261
-0.05261185543417613	0.0169105621381222	-0.010335529746662929
-0.052445859715488596	0.018081917171867162	-0.008853744283403964
-0.052652058340339515	0.015888684362197886	-0.009795248273742084
-0.0535157319679635	0.008238064920139131	-0.004938832112945296
-0.05184157590578296	-0.003346080568780819	-0.007552015775842122
-0.04954394627606747	-0.018850986127002017	-0.010681208075653752
-0.039827297496636285	-0.033747773651142586	-0.012388453000341373
-0.009284118154334473	-0.04813673428357326	-0.015953095525361706
0.015536421069324971	-0.02461143139091213	-0.00903295622276564
0.02485585952219593	-0.005743703921357177	0.011541467534246258
0.028903107060180594	0.01519784271328559	0.03152235457308522
0.030196619916232622	0.02998720030651052	0.05050038874709311
0.031512990193245195	0.03949014282266533	0.060526650732508125
0.03323774457259184	0.038483811434458066	0.056858988516675604
0.03272956289578247	0.030141142511309515	0.047081880066369666
0.03244443874698204	0.0160735415695086	0.03820122366269544
0.030640662363154273	0.013820697032028522	0.04001321949954878
0.0318463010512309	0.013791989709570086	0.04124959208448389
0.03143224222513048	0.019118754181562753	0.0431594347648485
0.034353267688866346	0.0171023136209467	0.052711899651385424
0.03407519404902926	0.017003285794947063	0.05247537308102511
0.03513176120252491	0.004008564329628769	0.034636221547579255
0.029798893604397334	-0.019618919117883094	0.008570952934579813
0.023931955734814974	-0.032141260131433855	0.011880069432728015
0.02371158527773375	-0.02871998500219466	0.02625784009405422
0.027137800262866326	-0.015951282512933398	0.03263052454924011
0.029016726849398107	-0.022834554814128577	0.03598922067433162
0.030526477743062778	-0.015628267994805902	0.03096694961583384
0.03175916234834065	-0.01951463484771258	0.03824022365613137
0.030416773490959892	-0.01661041249221992	0.04547629875225943
0.023063419530114582	-0.036846538235218274	0.0423295254286957
0.021678255599580774	-0.039801238933385795	0.01858225501714485
0.01871955308925413	-0.038256769698248864	3.5282533441399755e-05
0.01571986201503322	-0.034984112453531294	0.004449772752638212
0.013050020758884059	-0.04465515841534331	-0.0012024960875033717
0.011778382109257449	-0.043226648806199364	-0.0015093864405809065
0.01430073322293221	-0.035875582643056236	-0.006758060994319767
0.017084754236839368	-0.01895939224508929	0.00661896555429237
0.02559878969548158	-0.001035212947546209	0.039282386752495846
0.02809766423155302	0.011416210652458332	0.06571083813757109
0.030118339652695354	0.02126679357732784	0.06765239370804627
0.026700588473485692	0.020022291747654616	0.05183625248075968
0.025353985860091858	0.01069807428185173	0.03546831616820011
0.02257474111451658	0.004916551973572616	0.04287493761632476
0.022832853681711788	0.0021776372412366358	0.04854550486409681
0.02464399140503712	0.008146473393156526	0.03767718355061442
0.025821382881555086	0.007639611851272992	0.03438835754747458
0.027321041897639172	0.012329698856516023	0.04654060912335789
0.02508584618650186	0.00907520327276587	0.05961520287019081
0.023217494932681302	0.009004310428780115	0.06257155850025362
0.02292372832579327	0.0013978568206277344	0.052489046488757254
0.02474520057946101	0.009472601790180571	0.04153169365692526
0.023831757831809172	0.013704616711756783	0.045816104650507575
0.02132047615376346	0.018866082447484257	0.046394574190380476
0.0230632252373284	0.013597022662972587	0.05608661268980116
0.03099591179577351	0.013431423074370863	0.045102374373941365
0.03468250993477399	0.01987641176774559	0.061981294035347814
0.0341458685671389	0.02076444393902929	0.05860587998467143
0.034522126028146194	0.022545725310069833	0.06791977165368396
0.03294862005077282	0.012371748631843333	0.057192527118607894
0.03436866036186684	0.016000329953846197	0.06183511179703
0.03327097000744288	0.015724610025108856	0.0592027770289866
0.03476775119852091	0.0289112472122964	0.0767137725920325
0.033708948187400896	0.030157438743164754	0.09283306173249653
0.031371409231310834	0.027225761534452567	0.07936103613099967
0.03150565726221616	0.01767529272397506	0.06859224912598332
0.03066498001921224	0.007928210372672318	0.05810822597339879
0.033169872274900314	0.0075191429057583125	0.06549165626068273
0.032072648622628964	0.00024927163214290494	0.05104051655872471
0.03251732879812332	0.00402323311354387	0.04731716277170389
0.027496178489440824	-0.0051915792567620595	0.02408351188774086
0.019660051316480093	-0.022309319023745677	0.015558258656961073
0.017595938008556494	-0.034050320243328595	0.006655092507008645
0.01789609209377226	-0.04252397704762165	0.0036341216184903775
0.017206738753570625	-0.0341678202109528	-0.00508276646874645
0.014073016735586797	-0.0340737183421605	-0.008521088814793278
0.014138433371129158	-0.03388294966989768	-0.0026310848690428105
0.015201771628395193	-0.04033724858002879	0.005124098248764303
0.018186437479430606	-0.03287532801184963	0.018658544228351646
0.015222982182108658	-0.041471970297161674	0.02212137298939158
0.013656243049768669	-0.047100608330498867	0.014964870104552568
0.009738674837045888	-0.0607117163047524	0.007102361877250919
0.011537941151808017	-0.059965559701006865	0.004939674590141186
0.01558647820730505	-0.04237417167618711	0.014926627948247735
0.01939425073103747	-0.028702172929470995	0.006949621866971543
0.021673852437690155	-0.025070729846345022	0.011792186313540362
0.017702855495472725	-0.04743826759338687	0.0034988147274425153
0.005458811149077043	-0.0751375879193917	0.025384709323134046
-0.0012677957295112573	-0.08334859247581622	0.011376819435150287
4.324382437410217e-05	-0.07583490565295228	0.01979933294981054
0.006704177119534002	-0.07011065184913162	0.008898785634319123
0.00800987686552574	-0.06877116629691116	0.010050473171251312
0.010303521883291734	-0.06844324836465532	0.008113180519565211
0.014881862507889294	-0.056358254984184494	0.03777184577016229
0.028335143576868074	-0.0262078251548544	0.041084655911154844
0.031630865019148295	-0.019055599029626304	0.03981984635600816
0.029046570947129303	-0.03375038047711511	0.03314200152361482
0.022379120563860173	-0.050372612554504786	0.02392794374528332
0.018052385064463043	-0.05199188244492311	0.023625699387686397
0.018643158390772994	-0.04805979815935523	0.020948893648648353
0.01540833197300093	-0.05047139771258734	0.02163668568267521
0.014457310788725903	-0.054909491186061594	0.010034764030505922
0.01036685359726315	-0.05410097544042045	0.010075055924945564
0.014262692927484603	-0.051986939702668364	0.01720343555896486
0.024742295774688863	-0.0381403621916566	0.03662338801599223
0.029674774290819286	-0.023023459953784697	0.05525381966578854
0.02688915067579165	-0.025268511130136558	0.05196838998655949
0.013142503401930471	-0.05345064807178482	0.04875821881849942
0.004737973274942123	-0.07765943391744634	0.0364788084872083
0.0007331649408062826	-0.08019963769175233	0.024135984685108303
0.000657717412424344	-0.07937331898676041	0.017536891000560325
-0.0024725806957781307	-0.07643655420854419	0.010263495245261007
0.00031780005944475806	-0.06461900967401209	0.011726108731984467
0.005326450963351202	-0.05056412778374985	-0.007010186501390087
0.010371300546007323	-0.043825044114737914	0.011045776619658885
0.0056536629965443785	-0.05821479450744513	0.010368062598158458
-0.009340612913217833	-0.06943117486775838	0.0274469975801344
-0.011228647457129856	-0.06335027147920091	0.02356313305028717
-0.0007043142721586158	-0.045301174027072226	0.027720476630709718
0.016766461929778504	-0.016938241553960023	0.030066608711214145
0.020846091209258094	-0.007085515274694712	0.05282026633564891
0.02152992099890396	-0.01453871893001738	0.06047296639614723
0.017758450657445805	-0.024746706381732986	0.05648320172060474
0.01860490477588888	-0.028123652984581075	0.040331475166182656
0.01465117109825432	-0.0367738003662393	0.046518738213088856
0.020333604893947366	-0.03569897226115132	0.047321828229736324
0.022517360407472847	-0.03349787817008035	0.05153369094009433
0.027751724029785457	-0.02030797990176562	0.04729972203878615
0.028655936526206734	-0.011706299442728418	0.040474686654793965
0.025258862071518017	-0.020663340854370785	0.033618351403938256
0.01551771163993359	-0.05227082730535439	0.021829763553852043
-0.005429422183519974	-0.09563067776906249	-0.016182083060286033
-0.019744327575604646	-0.11394035594101361	-0.003655780785450955
-0.02906399537912585	-0.10579030312646208	-0.0016838881592955122
-0.04197982160625372	-0.07537629289050914	0.019048471571115506
-0.05772998750620968	-0.045995567190528	0.0598398560724182
-0.0650164671894723	-0.0259724847753253	0.0694599304389064
-0.06479385670008084	-0.023814095004209335	0.06571622572505839
-0.06552024077047873	-0.03042771608282952	0.06658660326423199
-0.06553402198794062	-0.03200416285292128	0.0645322017693623
-0.06880456942390224	-0.030820787605752163	0.06516016687988806
-0.0673368446027934	-0.029522762086022995	0.062255849367996205
-0.06516877521934658	-0.032382945666322674	0.05554920916820125
-0.059023528355790535	-0.05049769616623705	0.04497526366646854
-0.048551909785000645	-0.07668121337037434	0.02916235813979612
-0.026587592872100465	-0.09278610820921053	-0.0054780333482650385
0.0014499768411792248	-0.06644202012343506	0.0010559008564304784
0.02034879339529388	-0.04100347436689725	0.013028730288598776
0.02632281053366516	-0.017184373536920136	0.027636840776694097
0.026791582458194466	-0.01298911815384359	0.03040770426461102
0.030037818544542173	-0.0007107032124099333	0.043873174221171284
0.030042327662805283	-0.009935044753447813	0.034800808866693206
0.030518139109347992	-0.01552858074857511	0.034101760943790894
0.025190219009717203	-0.02694595975424833	0.02314196410028093
0.02275352639005648	-0.0340738713468327	0.03041896811563505
0.0241703561166676	-0.022594134433611128	0.0333499636310309
0.031297410838347396	-0.00036065316936464086	0.04523365356506528
0.03672903234935601	0.01900889136370967	0.06288594774216963
0.03773991673976021	0.016048226586651695	0.04842952939211804
0.03786198883413937	0.01626618549407619	0.052740471462067146
0.037722910189653965	0.013148348866653295	0.04973140363132521
0.04067181729369184	0.008874454779861308	0.06947897391840524
0.04049517427837097	-0.0034047717453440612	0.05626451795440345
0.03555725648723287	-0.015316416643546693	0.03343554218452372
0.029717741155822805	-0.01923538302312206	0.031420123738003645
0.027117872246702802	-0.01823679251111573	0.03284060788605833
0.028589664201300005	-0.02227598064491786	0.04060363268377876
0.024845163467678705	-0.031499652714953655	0.03531125108643256
0.018746374378245785	-0.050155907532514886	0.02716326322847039
0.014738332287807677	-0.05701410660156812	0.01394837970661417
0.012812545214235745	-0.06836396486072019	0.0076835108257735565
0.012310080083595451	-0.06867176639437322	0.004975733631874281
0.010876119744724468	-0.07983202988032746	0.0018253457727083824
0.00711092381896824	-0.08715701103169185	-0.0026300941795031176
0.0013850780493190583	-0.0936125375181469	-0.004156171419390047
-0.002284238204066228	-0.08034559808332288	-0.0018418047968412053
0.00015210296856450013	-0.06863221217538282	0.008505614822851386
0.0021124159705876123	-0.04660959927715879	0.02300137982779434
0.0015481223126855147	-0.03086554966908901	0.013956836420170721
-0.004610508746582879	-0.020875838071642498	0.005453888012194476
-0.007801666748190295	-0.025827166924330503	0.001356833168654128
-0.0083554402208671	-0.022153559643823786	0.009343908118675238
-0.0074235916949086656	-0.022321174483965874	0.014898275450547168
-0.0012519623467799614	-0.011331620983108873	0.029574349672248146
0.019059347429798163	-0.003938103086430167	0.019615186258690496
0.026868454498308998	0.0017185436351304286	0.04613371690956954
0.032065889234370454	0.01137411560621141	0.05063127794513945
0.03259476571265763	0.02185925783311958	0.05679944271692596
0.035623902246187944	0.026250644483467304	0.06409257884783512
0.03375419291525042	0.0226867155564605	0.06074848972809313
0.037323765257349796	0.016281171096540172	0.05896573382799959
0.035836820170112145	0.01850941165737728	0.055869754113167136
0.03709938969289247	0.017102318584706976	0.07137291163499865
0.03650984001829536	0.021323654446260765	0.0787922665918321
0.03661147091310501	0.026188291220177	0.07686433853978229
0.03632058463190224	0.030096132059295108	0.0586181251160935
0.03562741090242782	0.030478306073274435	0.05574207866847679
0.03508568308987283	0.03298267154948652	0.06607996047956681
0.035278870831230005	0.033483675899292124	0.07583700246369315
0.035780050511758324	0.032995956711999695	0.0753995575453396
0.034280760817909574	0.02499274414603816	0.07107186221361037
0.03291985926031724	0.023691167707738905	0.06685459695453147
0.034219662692162055	0.023407563642358742	0.07462631530788642
0.03444212718453548	0.022410655279625522	0.06709908328363466
0.03475472149003975	0.020537488438171162	0.06952351726400542
0.03496663107611497	0.01749954244778491	0.07348488158320442
0.03513611863936542	0.00933798731375496	0.07076504423991545
0.035216497030266906	-0.0026816217873436425	0.06689528198456446
0.03215453659039199	-0.012403960525991518	0.05785953985560037
0.029782400365399225	-0.012227179274239584	0.04708142621753974
0.02406094741768375	-0.028406922865708444	0.027356013987785317
0.0167442157733477	-0.06749936297263848	0.012071381749712975
0.012731541555349583	-0.08541807775771913	0.008161494137814555
0.010680426530823775	-0.08451410850827323	0.0140075514751978
0.00907831445757264	-0.0793506605195211	0.025619695521321165
0.011542183130057915	-0.06705603265465315	0.033473686519613056
0.010628927184925438	-0.06874485344576253	0.03680078048155681
0.014467985570492631	-0.050020713346602984	0.022419861558633417
0.01711155245241766	-0.03632063074483905	0.0236207909705144
0.024477484094341088	-0.008106131583467438	0.028602139920571576
0.026405733379627698	0.002073101052019419	0.03837654387832956
0.02697025087042473	0.0052544323115656134	0.029523873437563602
0.0287563588108422	-0.0026166325186539434	0.035202838802291865
0.027245111527037503	-0.007927797128828469	0.02810520728299002
0.021682924811396647	-0.022346230285206974	0.02926172333701126
0.02152187032720331	-0.024041880391609	0.029909339533406208
0.025727334319272172	-0.01912340638999367	0.025039174521384128
0.030054078082612366	-0.0175067019452509	0.027457478187156315
0.028558338089025543	-0.014382150399543476	0.019365279537832486
0.027961219656735658	-0.00852681632051831	0.03076246162785198
0.023768577208237038	-0.008647124289140763	0.03495297216241776
0.02040448739890256	-0.01762338785693725	0.03744221188948868
0.01592862221204767	-0.030486732619135523	0.021350481036629395
0.013279646496282204	-0.04053207285944691	0.014803253578867403
0.012857605115910027	-0.043756391994947255	0.01232721525399025
0.014915472630885074	-0.04746106135710083	0.018982827286680784
0.020530991521775607	-0.03581315348937561	0.026543905033507273
0.021524343153397872	-0.02634339222018462	0.03517040902582935
0.026069702369741023	-0.014859028433430127	0.04592411958450851
0.02149598889417062	-0.016376841822910188	0.04789647596022202
0.021565586926519442	-0.017312234355379832	0.041626184018006995
0.023204076603529595	-0.014589258322945352	0.04641137468781256
0.033730898904931056	0.011278856151574904	0.05881217311998493
0.03743467006778601	0.026501097975166046	0.07456553109630457
0.03627627445024155	0.03178374238734518	0.07629072957460474
0.03403015720746363	0.025169950392548646	0.06597053073668321
0.03395655859433068	0.026509783117641284	0.06656543452150977
0.03151251658192856	0.022153630169605868	0.06250279890937002
0.032049187320851054	0.023546464913442287	0.05931398523047379
0.03250102935554268	0.029349559164377908	0.06450611082173921
0.036335126913733	0.04034686143539572	0.07224198016948721
0.035287680798219964	0.04209885610565688	0.07982949119749422
0.034655136221515975	0.03511885475713172	0.06958199726691403
0.03584368038283955	0.030706564700452837	0.07946214384053224
0.035721663055799026	0.03440513672290944	0.0803680666696472
0.034571007737813526	0.026346697602988463	0.08062079802474034
0.03291716728664662	0.03320381794800526	0.07665590802391206
0.0324558912440037	0.03075795351876268	0.08236269514067596
0.03335099244552601	0.04415288071209375	0.09177689294121663
0.033414271217511816	0.04245018260188302	0.09143848660176587
0.035784603197449354	0.046830550381781966	0.09675973999077217
0.037598088782309476	0.04202438638536251	0.10414662634010056
0.03942864704320998	0.03682810007987389	0.10215996804689227
0.03899421892019362	0.03180204480984791	0.09655008429418488
0.03799851962577877	0.03146238669888178	0.08147595176455619
0.034821911267103364	0.023443986778231122	0.06282250587630911
0.03405446470837287	0.011586922626312729	0.0606481498604505
0.033213552560665306	-0.006776849529423744	0.06466919020193304
0.03481802602586134	-0.015073894649293937	0.07183461806447627
0.03508002873235401	-0.014634431406492968	0.06532999283708707
0.03601400233353833	-0.009662237703609895	0.06334322890942494
0.033479368441809244	-0.008739654157756786	0.06729172578294228
0.029625015315246625	-0.01661750578753932	0.057646130060583195
0.028677053742966866	-0.019854724871053425	0.049963940804192856
0.028397315496449877	-0.022925553682296984	0.05022560922165046
0.029131176289707166	-0.020304852236296064	0.05666477375425802
0.02831112139207284	-0.016282616788161657	0.06371742616425193
0.02876875660276979	-0.023263226802977387	0.05395179649588443
0.02906483817032849	-0.038383155414909775	0.059128536349511124
0.02906588139869233	-0.0404024762935931	0.060127459748600814
0.03172891087566571	-0.01886995561085558	0.07291591904031691
nan	nan	nan
0.03406189690501834	0.004236656923852413	0.06339617562770336
0.033452843885312916	0.011676792172595042	0.06508891276353651
0.031064602918153265	-0.007270767989656422	0.054986574797920566
0.030394797510566753	-0.012730457143050697	0.06251586262708322
0.033347869312307904	-0.0189551706876382	0.06229922024395944
0.033649839364362	-0.024085591663039762	0.06509499918264118
0.030918712846855392	-0.03349078228732727	0.05764068869264319
0.026064466541303368	-0.044098511457839634	0.04845068109800451
0.018955862640307547	-0.060853658104613226	0.03278508205517276
0.005497743548659406	-0.0959962833155613	0.022370803817558352
-0.005076811859428421	-0.1045674802709966	0.012153327262830733
-0.011680800552056291	-0.10552400130123925	0.014422337908948049
-0.018730793043640774	-0.10536999732211459	0.0289858930107146
-0.02713355123163654	-0.10220296384086157	0.05117992870388802
-0.035349975521133954	-0.08536271264951588	0.05884279302854001
-0.040206661534513626	-0.08026325838451227	0.06565748130759949
-0.046389839363242966	-0.07762215283308765	0.07433648549992031
-0.048089260942371696	-0.07968209270410924	0.07764694437990471
-0.05150481567592501	-0.06383844012585313	0.07910647707417223
-0.05067598847796291	-0.05912805968827879	0.07383093022678099
-0.05174050081500726	-0.05338843680830115	0.06211012797973887
-0.050622018405721586	-0.05291922790680842	0.06235069013282306
-0.0520839700292792	-0.04514869541803373	0.07103601672143345
-0.0498940265939552	-0.0385509302692397	0.06879434074764079
-0.052431494314030436	-0.03841209673726571	0.07153299807518929
-0.053907598586411434	-0.03751793440346608	0.07000163511286665
-0.054705337335594	-0.03954239445768743	0.07823253674286652
-0.05235912617820851	-0.04005358223192475	0.07790098934200884
-0.051653165848082695	-0.044971061394147666	0.07930514549070741
-0.05048879009833128	-0.044571558773014594	0.07456595849664288
-0.04833320477890636	-0.04527259615988363	0.06455613660945789
-0.046957918476107086	-0.044066007206714615	0.05637013125814324
-0.046840244992963985	-0.046750205406536995	0.054995508089171405
-0.04204145038789443	-0.051867749380130675	0.0436780247775852
-0.027807671308655368	-0.061561264513984776	0.009648536643210734
-0.009502409045269897	-0.07484569434555667	-0.013753990140414629
-0.002048182811166705	-0.07887125043330317	-0.022392996124337976
0.0009235016307351845	-0.07488319202216925	-0.02089161880609447
-0.0015411327434321088	-0.07372799949897903	-0.014942689823139604
-0.00263686919627035	-0.0743561959803949	-0.00871662761521972
-0.007713639580391824	-0.07778249802702109	-0.004496308224535436
-0.0021043581362252557	-0.08577773273127111	-0.00467324774803069
0.0067324327398359815	-0.08070665593103053	-0.005971026460787943
0.013088621070923248	-0.07665524269772607	0.010399282709075659
0.01065930482892204	-0.07522396777760389	0.015543048550947302
0.0042425303890106965	-0.07455155979698085	0.018622970545048582
-0.039377338667488215	-0.06335869434517621	0.07880374842835743
-0.05094613115456576	-0.04161837781452363	0.07990475538710065
-0.0543051375019682	-0.028973705385777985	0.08330814399219343
-0.05770151412826657	-0.02489464024999571	0.08442316656572242
-0.056565328651324395	-0.026205830557792336	0.08502698344292207
-0.05610663413603594	-0.0187166034880158	0.07884982537525334
-0.05695208506013318	-0.015621686471246761	0.07456547719638426
-0.056920291694573764	-0.005561641626484292	0.0695074806756138
-0.055275230267963306	-0.0048363099034558045	0.06327550519165862
-0.05256443261105095	0.0014842819109420601	0.056161003509719226
-0.05198703347925827	-9.756123153445815e-05	0.05635335753187657
-0.054163016051112296	0.0009026880015923823	0.059982148618808614
-0.055828584613776655	0.0019948678435108	0.060976947831648906
-0.055563561489334994	0.004129521664355376	0.0539556480275936
-0.053726710239902206	0.003723436584523605	0.05409349831610562
-0.05531498303742183	0.0011133155411277263	0.054947157499968896
-0.0517405280797022	0.0030052833533082144	0.048148016654266344
-0.05577850197888701	0.008735775822481208	0.04872864779298136
-0.05121484168093371	0.010131467788424608	0.043036506915020825
-0.050420606189428986	0.007578883372934769	0.04132434271055939
-0.048351654389781076	0.0030379323480063977	0.033533297288794034
-0.04977261463776726	0.0005348837182471585	0.031234702921230532
-0.05293406775231066	-0.0038974271645118856	0.036567455776691474
-0.05512140502894191	0.00018944748863028774	0.03619889616820213
-0.05487311085600739	0.0011339736641877978	0.03446504998217893
-0.0528578293702653	0.008005571686494376	0.025327899952459675
-0.05074278259587308	0.009640625796512465	0.02117310001568653
-0.048248686198190664	0.006925756657071866	0.018306373266433987
-0.048857539638386294	0.0048647179833473985	0.025041433111445688
-0.048934422203235815	0.0030441291704785324	0.025147988899721252
-0.04965845050451239	0.004856006818431397	0.029284893605496215
-0.04818943536651341	0.009481162123127792	0.02158825198531021
-0.04676371013582345	0.003543023320733418	0.02217785478832076
-0.04824816724730929	0.005910723555592571	0.019941428529194546
-0.048674841510769375	0.00044919340879907594	0.022515374144331135
-0.05044910731141792	0.0035845695639561775	0.01663630333512959
-0.050791499014863024	-0.008323220112629785	0.021375801413931486
-0.053398611640128775	-0.0062944574739059265	0.01978936605233722
-0.053660154171377546	-0.006767991408076094	0.028368696430853747
-0.053994677431554366	-0.0036240303023374917	0.017617406142301846
-0.04934118652565721	-0.007035943259898444	0.017170514334073225
-0.04657171905163587	-0.006070565545333551	0.010481796479086924
-0.045642103754680606	-0.005051942378750728	0.011868076609738813
-0.04766169058799344	0.0006952276722588091	0.010575410395113602
-0.050674407420326945	-0.0020443677174051206	0.011354902534998719
-0.05016903819512384	0.004359770035442775	0.013074394554297424
-0.04889098896398637	0.006244017238162978	0.015961706119128463
-0.04793487271988142	0.010106807886563476	0.012939273667085506
-0.04871271351757766	0.009163248643946301	0.012345555294584358
-0.05219137271040962	0.007980411246354936	0.009743181457677483
-0.052158646153509736	0.01205430858911529	0.011694969175809596
-0.05043916117660559	0.01614060863642578	0.008196688840094314
-0.0489694190922561	0.014160749885298111	0.004833029489680639
-0.050782972328533134	0.007923813418718324	0.0016781040913434672
-0.05314261672371996	0.0035602904276767497	0.004625250338620206
-0.05310990118602057	0.003078513717278323	0.006124316262758972
-0.05301360067681693	0.005399684026085836	0.00831364376213118
-0.054145292205837206	0.0013792117797111678	0.00904945740706474
-0.05505046478638854	0.0007996712557560255	0.010600422407326643
-0.05524267934471287	-0.002232695618035314	0.0106727727596585
-0.05269385957268224	-0.0025328745404407296	0.012426989068831155
-0.04988965874997721	-0.009566164566740998	0.014656911093372867
-0.049377857638873916	-0.013751353968544008	0.012860185261666365
-0.051059776479088076	-0.019680704866954123	0.009052298824609728
-0.05274188740552953	-0.02313105776486987	0.005806976508951234
-0.04802843817290244	-0.030515789984859674	0.0012553080208082337
-0.04111138443784085	-0.039397268648663296	-0.010324170276261983
-0.031383179132797194	-0.055191178392190725	-0.016787215310245143
-0.01104106404358712	-0.07868861148957515	-0.03489346059399319
0.0026112009902826273	-0.07388387116425466	-0.03649231870968473
0.0068106622906552935	-0.06112584972388371	-0.03926820265002201
0.011163882929289425	-0.03914187627065994	-0.03248138849217787
0.005710945686206373	-0.04236673599992693	-0.033488898172936044
0.0052616399904755785	-0.047175861971611686	-0.028654382718488785
0.0056806819386207305	-0.05719875712596645	-0.028328019714202447
0.010859458420627037	-0.052986881511332976	-0.031151852909802345
0.013833782832494954	-0.04686715173564495	-0.026712437824477443
0.016757108117767833	-0.043799737549284665	-0.03125619981464913
0.017702018584948596	-0.04127456867933179	-0.034947733944997186
0.015977317356330546	-0.04067050984294752	-0.04053813543952102
0.006468277539985719	-0.044998818859355014	-0.031370495288532405
0.0034378282092694854	-0.03983608548182942	-0.034303701839599285
0.004651612893904845	-0.04288345884343222	-0.03134118295007395
0.010584000823587845	-0.03662718377749657	-0.02814048903072488
0.012048204853552208	-0.04222606301489226	-0.02965274645887537
0.011736029918177175	-0.04131005393197795	-0.026401644236573457
0.012215490465546767	-0.03361673944983844	-0.022211515467138246
0.021096471059715963	-0.011030766467836064	-0.012227030102361255
0.022977872577464618	-0.0032885751611761715	-0.006020463523358867
0.022110209949027685	-0.006878076054476819	-0.005161148607395763
0.023095168335074176	-0.0067018737645378745	-0.00507668860395815
0.02345763296302727	0.002849646470702569	0.005469341421865368
0.027810321393234187	0.017748929341469176	0.0011097158758393115
0.025757781842343033	0.022045752697776186	0.004439976410798078
0.029638267245350642	0.024223633601939656	-0.00044161840407002523
0.028370430562009722	0.022611685309514556	0.0034793011969927908
0.027013017069181616	0.02258011157112614	0.011940965258840627
0.028002488037640924	0.024565725512073287	0.018869529026165087
0.0292092617511214	0.0213652614929886	0.017552554112186675
0.028839160572188282	0.010558484001495479	0.010538901851617537
0.022506220761098965	-0.005559774871056298	-0.009382456174408797
0.018222817067728693	-0.012604167981506344	-0.02338876572574546
0.017369060838689162	-0.01918496349784369	-0.02770725112118366
0.021481191842800833	-0.011737972209192928	-0.02129468886634354
0.024309685127895355	-0.002362724808898305	-0.010518893937975542
0.02649566112961483	0.007835195309130131	0.0003817502164341069
0.024125186629288715	0.004251041728343944	-0.001356534253290631
0.023254731006295423	-0.0018071327851682567	0.00397490413060185
0.022479915317120614	0.00010482734109531091	0.005538756690410308
0.02369866636022912	0.0110000691654912	0.015069426360949153
0.026409976586202966	0.018149697106946985	0.010197431805693966
0.02753752559401423	0.015762474304284485	0.005515738306450791
0.024708345257907223	0.008516723119508542	-0.00019265657212630752
0.019369689390279297	0.005415623377353265	-0.0049621263288390435
0.017454642594150676	0.0042071429382020895	-0.00219211157695378
0.021152728934654426	0.004309568547392694	0.0051807759200755525
0.02376942444151225	-0.0009191164711820676	-0.0010208216392704333
0.021369022953709568	-0.010103634531182532	-0.016186467647252876
0.00016722129978149388	-0.03946682951028097	-0.007489776316396853
-0.0044504401689188944	-0.043927341455987604	-0.015413011187715923
-0.0011730347676983796	-0.04379752267854928	-0.024846720139388028
0.004080217175201891	-0.03701377862483269	-0.027929610229728646
0.008409645439852207	-0.03249124679625465	-0.026402385445696022
0.011152523130114786	-0.016252880249514857	-0.02049476998046422
0.016354647024262564	5.106503992372128e-05	-0.011101481062707363
0.01648425523179424	-0.0022237594115438156	-0.01163291563284535
0.01511759338891978	-0.014092947036869606	-0.01126425885496301
0.013197868105906625	-0.015786815206173546	-0.01651655348760155
0.01393706660965376	-0.02199047412524948	-0.01357616809544902
0.013243717532898333	-0.022981283563648227	-0.008899171051883294
0.014271901114920004	-0.031573978536092145	-0.0032915755745355473
0.014084757240324453	-0.029247697873962232	-0.012843916402464194
0.013131328561656426	-0.037495714274921085	-0.021283049528818057
0.012528420955585005	-0.043306476166663506	-0.031253669172270244
0.013495309829234069	-0.035802097242252674	-0.028339687754374617
0.015529264824682545	-0.019169955142087854	-0.021245909611817725
0.01857497757443774	0.00024461639359253396	-0.007469711974052887
0.01923087535674231	-0.004064570792884326	-0.0034935400951166783
0.018558252655607003	-0.009184604504942512	-0.003586781385048747
0.016529648093014705	-0.02864011350846214	-0.012087817931055948
0.012516447433875868	-0.041954641895872787	-0.019262446016279383
0.0024005971042600034	-0.06281192748539287	-0.015644383426040832
-0.0002934417412387787	-0.05300541751660361	-0.02335162464816786
0.00240205069863082	-0.0413607383790004	-0.031058952276055575
0.006184578754368904	-0.0428231948277198	-0.027704797503801188
0.00851991544462088	-0.05108601234383136	-0.02758228569102856
0.009678752286337853	-0.04955139516882184	-0.02583579026113507
0.012807507257544043	-0.03662371320671513	-0.022024571013254564
0.015469759214233712	-0.029441714368481017	-0.011324205677361632
0.01741266301554235	-0.034174892397855414	-0.0035435182397169918
0.014684906829735823	-0.04326214862745481	0.004459966612131246
0.016142339403935394	-0.04804611939927725	-0.001526579277427862
0.016476632486230984	-0.03859776746776184	-0.010657940437444738
0.016598494457212468	-0.0367927689075149	-0.018212951015555732
0.015155204657784384	-0.036087709479358375	-0.01821536655573048
0.011968643252637492	-0.04644314967825665	-0.016125099106115967
0.00935547279167735	-0.054156007153925524	-0.011575501963589417
0.0032974906905171185	-0.06891144376486219	-0.013786505910152305
-0.004381413169573561	-0.0772871664386753	-0.012802683962046063
-0.017602324336212838	-0.07202944332785194	0.006843187322777122
-0.025381892266044134	-0.059197590596307165	0.01666852008962803
-0.028535415629641257	-0.054676604138706425	0.026496721405657137
-0.03007825730533234	-0.05458709862472636	0.025893354492954882
-0.03325923250091908	-0.048918491840771114	0.026019285238648368
-0.033261767903768426	-0.045448738580418306	0.023618201471187407
-0.030755423459500435	-0.051452794321799486	0.023438615523098866
-0.031186812268741503	-0.051059513348526	0.023057645505021086
-0.0290352667940582	-0.04911171591648243	0.02127982800387802
-0.030705566887104865	-0.04065582209507045	0.02265381519861962
-0.0286795877392416	-0.04462695037868391	0.02659088847382679
-0.031211113046162774	-0.04217736379494383	0.025074630591169784
-0.025073856588988464	-0.04624210632512492	0.017981470272768092
-0.013034289490770368	-0.05787092284206386	-0.0023990463128541854
-0.0006433712206550327	-0.06749018349260472	-0.025665099038473933
0.004816469288197623	-0.06730726034383477	-0.032681290592539596
0.006676798785561954	-0.06390593943098992	-0.04080419056395048
0.008639524552010353	-0.04692015418737451	-0.03809678643366081
0.014344077764635012	-0.03529482257642231	-0.0237896950111679
0.027556864142982737	-0.017269047925201828	-0.019413475849419565
0.030066782544491882	-0.002855140796196278	-0.007742680234973199
nan	nan	nan
nan	nan	nan
0.030930195426588217	0.010445137975263792	-0.007048124771953743
0.02762650930342748	0.011169245599561051	-0.011622066476709908
0.02968233459091984	0.008764303406910035	-0.013136734576511416
0.02520976999791665	0.015244478409606523	-0.00911975094472758
nan	nan	nan
0.028528859362389976	0.021056977516404073	-0.004214970485695444
0.023226893650841844	0.02426879446280081	-0.002113804769602594
0.022876029480580016	0.01954880696992881	-0.002300482726637087
0.02139273895057239	0.01628822749570219	-0.0039467215668517255
0.02071157705389473	0.017597173289773827	-0.005399474178807803
0.02081519468505367	0.00907159792407733	-0.008357400490334201
0.018185855459747897	0.008213043809279095	-0.019961559098305114
0.01654352544573651	0.006199364076101889	-0.018014345567779505
0.016307114431297128	0.009817435592913606	-0.023426921067040272
0.014117232069519122	0.004203032329250271	-0.022397240760386267
0.016326722910710446	-0.005970044351695572	-0.027896609856295756
0.013889497797829404	-0.003838519932674656	-0.024285816768897156
0.018956502358522514	0.005568097928939324	-0.013969985397576969
nan	nan	nan
0.021443863450709852	0.018070342352960775	-0.009334602367803563
0.0251935224131759	0.025933666408765783	-0.006783125142620933
0.02507752660903845	0.030641720050495615	-0.01080593967176114
0.023046794324850583	0.031947991977125965	-0.011427817527035006
0.02363096115161829	0.03660585376901691	-0.009306139877771534
0.023732783996978684	0.03451394435803214	-0.013469454493440138
0.02675836033057762	0.036070868371746986	-0.012960813622127487
0.023164989632280916	0.030260577447921037	-0.006437661365756492
0.022785380704914798	0.03158288504581475	-0.0018134433723459263
0.022715898735283974	0.035681592995220245	-0.006818932345663574
0.025034382240846247	0.03553080756989435	-0.008765014634853092
0.024569591265698094	0.03475715536145973	-0.006724337012933616
0.020697438782716168	0.032271680440259645	-0.0015217122389473599
0.02063568475291646	0.034219913152358256	-0.0032532425329192885
nan	nan	nan
0.023160315290247636	0.03530873738002076	-0.0071745978220948345
0.026940960891080404	0.03814285148896456	-0.011480029620060249
0.02741417963841895	0.03906053959806583	-0.009428276241112074
0.025436146775056092	0.04090387355197454	-0.013914176169910995
0.0246933775010967	0.0367493776068455	-0.013680068720397547
0.026076541001916885	0.02686286204153766	-0.020388448709269057
0.027297393769372097	0.01838761316500918	-0.02249099528097936
nan	nan	nan
0.02591136322223722	0.011037386550733405	-0.022025163525860664
0.02162010446993087	0.009589969188715826	-0.020003169596081238
nan	nan	nan
0.0184370326789986	0.007004348350066264	-0.017681267405930214
0.018629256169053393	0.005700560518483736	-0.02064999385866031
0.021367860641164957	0.003867555305012337	-0.01958995417613948
0.019703224591700718	-0.00827639295297392	-0.02790738588034244
nan	nan	nan
nan	nan	nan
nan	nan	nan
nan	nan	nan
nan	nan	nan
nan	nan	nan
nan	nan	nan
nan	nan	nan
nan	nan	nan
nan	nan	nan
nan	nan	nan
-0.002057337183242746	-0.04376930393840555	-0.024643290442344427
nan	nan	nan
-0.012044514090520967	-0.04483494037165882	-0.019120321340524077
-0.022385201758656704	-0.03599632030940903	-0.010427541711114686
-0.038370542014727886	-0.02962625211328503	0.01381244156251614
-0.04054693343068516	-0.02964716899078089	0.013092185982111884
-0.03947287719664361	-0.027055247015331796	0.008756392912505559
-0.03999896450040607	-0.027740392354969775	0.0067211549850439214
-0.04276493733738212	-0.025667667962581617	0.007970143328289797
-0.04096896735474149	-0.028601383895710757	0.00825942580980868
-0.03797820413802842	-0.03248976208453686	0.005564951156364073
nan	nan	nan